feature_type,sample_size,fold,true_MWS_pred_MWS,true_MWS_pred_PBS,true_PBS_pred_MWS,true_PBS_pred_PBS
tags,25,1,69.18238994,4.612159329,16.87631027,9.329140461
tags,25,2,65.72327044,8.071278826,15.93291405,10.27253669
tags,25,3,65.30398323,8.490566038,14.67505241,11.53039832
tags,25,4,66.77148847,7.023060797,14.2557652,11.94968553
tags,25,5,68.0293501,5.765199161,15.82809224,10.37735849
tags,25,6,69.81132075,3.983228512,16.35220126,9.853249476
tags,25,7,69.25498426,4.616998951,13.53620147,12.59181532
tags,25,8,68.41552991,5.456453305,12.9066107,13.22140609
tags,25,9,69.88457503,3.987408185,10.80797482,15.32004197
tags,25,10,67.47114376,6.400839454,12.59181532,13.53620147
tags,50,1,67.9245283,5.870020964,13.41719078,12.78825996
tags,50,2,64.98951782,8.805031447,12.36897275,13.83647799
tags,50,3,64.57023061,9.224318658,10.27253669,15.93291405
tags,50,4,67.50524109,6.289308176,9.64360587,16.56184486
tags,50,5,66.24737945,7.547169811,10.90146751,15.30398323
tags,50,6,67.08595388,6.708595388,9.433962264,16.77148847
tags,50,7,70.23060797,3.5639413,9.014675052,17.19077568
tags,50,8,67.50524109,6.289308176,7.547169811,18.65828092
tags,50,9,67.43697479,6.512605042,6.092436975,19.95798319
tags,50,10,64.28571429,9.663865546,7.352941176,18.69747899
tags,100,1,67.36401674,6.276150628,9.623430962,16.73640167
tags,100,2,64.85355649,8.786610879,10.87866109,15.48117155
tags,100,3,64.43514644,9.205020921,5.020920502,21.33891213
tags,100,4,68.20083682,5.439330544,7.531380753,18.82845188
tags,100,5,65.12605042,8.823529412,7.983193277,18.06722689
tags,100,6,67.64705882,6.302521008,10.08403361,15.96638655
tags,100,7,69.74789916,4.201680672,5.882352941,20.16806723
tags,100,8,68.48739496,5.462184874,4.62184874,21.42857143
tags,100,9,67.22689076,6.722689076,2.521008403,23.52941176
tags,100,10,63.44537815,10.50420168,4.201680672,21.8487395
tags,200,1,71.66666667,1.666666667,5.833333333,20.83333333
tags,200,2,69.16666667,4.166666667,8.333333333,18.33333333
tags,200,3,68.06722689,5.882352941,0.840336134,25.21008403
tags,200,4,70.58823529,3.361344538,4.201680672,21.8487395
tags,200,5,68.90756303,5.042016807,5.882352941,20.16806723
tags,200,6,72.26890756,1.680672269,10.08403361,15.96638655
tags,200,7,69.74789916,4.201680672,5.042016807,21.00840336
tags,200,8,70.58823529,3.361344538,1.680672269,24.3697479
tags,200,9,70.58823529,3.361344538,0,26.05042017
tags,200,10,68.90756303,5.042016807,1.680672269,24.3697479
tags,400,1,73.33333333,0,8.333333333,18.33333333
tags,400,2,73.33333333,0,6.666666667,20
tags,400,3,71.66666667,1.666666667,1.666666667,25
tags,400,4,71.66666667,1.666666667,0,26.66666667
tags,400,5,71.66666667,1.666666667,0,26.66666667
tags,400,6,71.66666667,1.666666667,5,21.66666667
tags,400,7,72.88135593,1.694915254,0,25.42372881
tags,400,8,74.57627119,0,0,25.42372881
tags,400,9,72.88135593,1.694915254,0,25.42372881
tags,400,10,72.88135593,1.694915254,0,25.42372881
tokens,25,1,67.08595388,6.708595388,15.09433962,11.11111111
tokens,25,2,67.40041929,6.394129979,15.09433962,11.11111111
tokens,25,3,62.26415094,11.53039832,14.98951782,11.21593291
tokens,25,4,68.76310273,5.031446541,13.41719078,12.78825996
tokens,25,5,69.07756813,4.716981132,17.08595388,9.119496855
tokens,25,6,69.91614256,3.878406709,16.14255765,10.06289308
tokens,25,7,69.98950682,3.88247639,13.95592865,12.17208814
tokens,25,8,69.56977964,4.302203568,13.43126967,12.69674711
tokens,25,9,68.5204617,5.351521511,12.80167891,13.32633788
tokens,25,10,69.67471144,4.197271773,15.42497377,10.70304302
tokens,50,1,66.87631027,6.918238994,9.64360587,16.56184486
tokens,50,2,67.9245283,5.870020964,9.224318658,16.98113208
tokens,50,3,62.26415094,11.53039832,9.433962264,16.77148847
tokens,50,4,69.60167715,4.192872117,10.06289308,16.14255765
tokens,50,5,68.97274633,4.821802935,11.94968553,14.2557652
tokens,50,6,69.81132075,3.983228512,12.57861635,13.62683438
tokens,50,7,69.81132075,3.983228512,8.176100629,18.0293501
tokens,50,8,70.64989518,3.144654088,8.385744235,17.8197065
tokens,50,9,69.11764706,4.831932773,6.302521008,19.74789916
tokens,50,10,68.90756303,5.042016807,9.663865546,16.38655462
tokens,100,1,66.94560669,6.694560669,5.020920502,21.33891213
tokens,100,2,66.10878661,7.531380753,5.020920502,21.33891213
tokens,100,3,60.66945607,12.9707113,4.184100418,22.17573222
tokens,100,4,68.20083682,5.439330544,5.857740586,20.50209205
tokens,100,5,70.58823529,3.361344538,9.663865546,16.38655462
tokens,100,6,72.26890756,1.680672269,10.08403361,15.96638655
tokens,100,7,71.00840336,2.941176471,6.722689076,19.32773109
tokens,100,8,71.8487395,2.100840336,5.042016807,21.00840336
tokens,100,9,68.90756303,5.042016807,3.781512605,22.26890756
tokens,100,10,69.74789916,4.201680672,4.62184874,21.42857143
tokens,200,1,71.66666667,1.666666667,5.833333333,20.83333333
tokens,200,2,69.16666667,4.166666667,5.833333333,20.83333333
tokens,200,3,56.30252101,17.64705882,0,26.05042017
tokens,200,4,68.90756303,5.042016807,3.361344538,22.68907563
tokens,200,5,70.58823529,3.361344538,7.56302521,18.48739496
tokens,200,6,70.58823529,3.361344538,5.042016807,21.00840336
tokens,200,7,71.42857143,2.521008403,2.521008403,23.52941176
tokens,200,8,70.58823529,3.361344538,5.882352941,20.16806723
tokens,200,9,68.06722689,5.882352941,3.361344538,22.68907563
tokens,200,10,71.42857143,2.521008403,3.361344538,22.68907563
tokens,400,1,71.66666667,1.666666667,0,26.66666667
tokens,400,2,73.33333333,0,8.333333333,18.33333333
tokens,400,3,55,18.33333333,0,26.66666667
tokens,400,4,71.66666667,1.666666667,3.333333333,23.33333333
tokens,400,5,70,3.333333333,0,26.66666667
tokens,400,6,71.66666667,1.666666667,1.666666667,25
tokens,400,7,74.57627119,0,0,25.42372881
tokens,400,8,74.57627119,0,1.694915254,23.72881356
tokens,400,9,74.57627119,0,0,25.42372881
tokens,400,10,74.57627119,0,0,25.42372881